#a very basic ON/OFF configuration file for x-11-mm
[1]=[25, 0]
[1]=[25, 127]
[2]=[26, 0]
[2]=[26, 127]
[3]=[27, 0]
[3]=[27, 127]
[4]=[28, 0]
[4]=[28, 127]
[5]=[29, 0]
[5]=[29, 127]
[6]=[30, 0]
[6]=[30, 127]
[7]=[31, 0]
[7]=[31, 127]
[8]=[32, 0]
[8]=[32, 127]
[9]=[33, 0]
[9]=[33, 127]
[10]=[34, 0]
[10]=[34, 127]
[11]=[35, 0]
[11]=[35, 127]
[12]=[36, 0]
[12]=[36, 127]
[13]=[37, 0]
[13]=[37, 127]
[14]=[38, 0]
[14]=[38, 127]
[15]=[39, 0]
[15]=[39, 127]
[16]=[40, 0]
[16]=[40, 127]
[17]=[41, 0]
[17]=[41, 127]
[18]=[42, 0]
[18]=[42, 127]
[19]=[43, 0]
[19]=[43, 127]
[20]=[44, 0]
[20]=[44, 127]
[21]=[45, 0]
[21]=[45, 127]
[22]=[46, 0]
[22]=[46, 127]
[23]=[47, 0]
[23]=[47, 127]
[24]=[48, 0]
[24]=[48, 127]
[25]=[49, 0]
[25]=[49, 127]
[26]=[50, 0]
[26]=[50, 127]
[27]=[51, 0]
[27]=[51, 127]
[28]=[52, 0]
[28]=[52, 127]
[29]=[53, 0]
[29]=[53, 127]
[30]=[54, 0]
[30]=[54, 127]
[31]=[55, 0]
[31]=[55, 127]
[32]=[56, 0]
[32]=[56, 127]
[33]=[57, 0]
[33]=[57, 127]
[34]=[58, 0]
[34]=[58, 127]
[35]=[59, 0]
[35]=[59, 127]
[36]=[60, 0]
[36]=[60, 127]
[37]=[61, 0]
[37]=[61, 127]
[38]=[62, 0]
[38]=[62, 127]
[39]=[63, 0]
[39]=[63, 127]
[40]=[64, 0]
[40]=[64, 127]
[41]=[65, 0]
[41]=[65, 127]
[42]=[66, 0]
[42]=[66, 127]
[43]=[67, 0]
[43]=[67, 127]
[44]=[68, 0]
[44]=[68, 127]
[45]=[69, 0]
[45]=[69, 127]
[46]=[70, 0]
[46]=[70, 127]
[47]=[71, 0]
[47]=[71, 127]
[48]=[72, 0]
[48]=[72, 127]
[49]=[73, 0]
[49]=[73, 127]
[50]=[74, 0]
[50]=[74, 127]
[51]=[75, 0]
[51]=[75, 127]
[52]=[76, 0]
[52]=[76, 127]
[53]=[77, 0]
[53]=[77, 127]
[54]=[78, 0]
[54]=[78, 127]
[55]=[79, 0]
[55]=[79, 127]
[56]=[80, 0]
[56]=[80, 127]
[57]=[81, 0]
[57]=[81, 127]
[58]=[82, 0]
[58]=[82, 127]
[59]=[83, 0]
[59]=[83, 127]
[60]=[84, 0]
[60]=[84, 127]
[61]=[85, 0]
[61]=[85, 127]
[62]=[86, 0]
[62]=[86, 127]
[63]=[87, 0]
[63]=[87, 127]
[64]=[88, 0]
[64]=[88, 127]
[65]=[89, 0]
[65]=[89, 127]
[66]=[90, 0]
[66]=[90, 127]
[67]=[91, 0]
[67]=[91, 127]
[68]=[92, 0]
[68]=[92, 127]
[69]=[93, 0]
[69]=[93, 127]
[70]=[94, 0]
[70]=[94, 127]
[71]=[95, 0]
[71]=[95, 127]
[72]=[96, 0]
[72]=[96, 127]
[73]=[97, 0]
[73]=[97, 127]
[74]=[98, 0]
[74]=[98, 127]
[75]=[99, 0]
[75]=[99, 127]
[76]=[100, 0]
[76]=[100, 127]
[77]=[101, 0]
[77]=[101, 127]
[78]=[102, 0]
[78]=[102, 127]
[79]=[103, 0]
[79]=[103, 127]
[80]=[104, 0]
[80]=[104, 127]
[81]=[105, 0]
[81]=[105, 127]
[82]=[106, 0]
[82]=[106, 127]
[83]=[107, 0]
[83]=[107, 127]
[84]=[108, 0]
[84]=[108, 127]
[85]=[109, 0]
[85]=[109, 127]
[86]=[110, 0]
[86]=[110, 127]
[87]=[111, 0]
[87]=[111, 127]
[88]=[112, 0]
[88]=[112, 127]
[89]=[113, 0]
[89]=[113, 127]
[90]=[114, 0]
[90]=[114, 127]
[91]=[115, 0]
[91]=[115, 127]
[92]=[116, 0]
[92]=[116, 127]
[93]=[117, 0]
[93]=[117, 127]
[94]=[118, 0]
[94]=[118, 127]
[95]=[119, 0]
[95]=[119, 127]
[96]=[120, 0]
[96]=[120, 127]
[97]=[121, 0]
[97]=[121, 127]
[98]=[122, 0]
[98]=[122, 127]
[99]=[123, 0]
[99]=[123, 127]
[100]=[124, 0]
[100]=[124, 127]
[101]=[125, 0]
[101]=[125, 127]
[102]=[126, 0]
[102]=[126, 127]
[103]=[127, 0]
[103]=[127, 127]
[104]=[128, 0]
[104]=[128, 127]
[105]=[129, 0]
[105]=[129, 127]
[106]=[130, 0]
[106]=[130, 127]
[107]=[131, 0]
[107]=[131, 127]
[108]=[132, 0]
[108]=[132, 127]
[109]=[133, 0]
[109]=[133, 127]
[110]=[134, 0]
[110]=[134, 127]
[111]=[135, 0]
[111]=[135, 127]
[112]=[136, 0]
[112]=[136, 127]
[113]=[137, 0]
[113]=[137, 127]
[114]=[138, 0]
[114]=[138, 127]
[115]=[139, 0]
[115]=[139, 127]
[116]=[140, 0]
[116]=[140, 127]
[117]=[141, 0]
[117]=[141, 127]
[118]=[142, 0]
[118]=[142, 127]
[119]=[143, 0]
[119]=[143, 127]
[120]=[144, 0]
[120]=[144, 127]
[121]=[145, 0]
[121]=[145, 127]
[122]=[146, 0]
[122]=[146, 127]
[123]=[147, 0]
[123]=[147, 127]
[124]=[148, 0]
[124]=[148, 127]
[125]=[149, 0]
[125]=[149, 127]
[126]=[150, 0]
[126]=[150, 127]
[127]=[151, 0]
[127]=[151, 127]
[128]=[152, 0]
[128]=[152, 127]
